%YAML:1.0

#--------------------------------------------------------------------------------------------
# Camera Parameters. Adjust them!
#--------------------------------------------------------------------------------------------
Camera.type: "KannalaBrandt8"
# Camera calibration and distortion parameters (OpenICC https://github.com/urbste/OpenImuCameraCalibrator) 
# Camera.fx: 188.60460651 # 190.97847715128717
# Camera.fy: 188.60460651 # 190.9733070521226
# Camera.cx: 320.57432535 # 254.93170605935475
# Camera.cy: 239.40467006 # 256.8974428996504
Camera.fx: 796.8544625226342 # 190.97847715128717
Camera.fy: 796.8544625226342 # 190.9733070521226
Camera.cx: 1354.4265245977356 # 254.93170605935475
Camera.cy: 1011.4847310011687 # 256.8974428996504

Camera.k1: -0.02196117964405394 # 0.0034823894022493434
Camera.k2: -0.018959717016668237 # 0.0007150348452162257
Camera.k3: 0.001693880829392453 # -0.0020532361418706202
Camera.k4: -0.00016807228608000285 # 0.00020293673591811182

# Camera resolution
# Camera.width: 640
# Camera.height: 480
Camera.width: 2704
Camera.height: 2028

# Camera frames per second 
Camera.fps: 60.0

# Color order of the images (0: BGR, 1: RGB. It is ignored if images are grayscale)
Camera.RGB: 1
    
# Transformation from camera to imu (body frame)
# calibrated with OpenICC https://github.com/urbste/OpenImuCameraCalibrator
Tbc: !!opencv-matrix
   rows: 4
   cols: 4
   dt: f
   data: [-0.999972, -0.00210336, -0.00711724,   0.00335434, 
           0.00710551,  0.00553032 ,  -0.999959, -0.0267601,
          0.00214264 ,  -0.999982, -0.00551522, -0.000306161,
          0.0, 0.0, 0.0, 1.0]
 
# IMU noise -> use OpenICC https://github.com/urbste/OpenImuCameraCalibrator
IMU.NoiseGyro: 0.0015 # rad/s^0.5 
IMU.NoiseAcc: 0.017 # m/s^1.5
IMU.GyroWalk: 5e-5 # rad/s^1.5
IMU.AccWalk: 0.0055 # m/s^2.5
IMU.Frequency: 200


#--------------------------------------------------------------------------------------------
# ORB Parameters
#--------------------------------------------------------------------------------------------

# ORB Extractor: Number of features per image
# ORBextractor.nFeatures: 5000 # Tested with 1250
ORBextractor.nFeatures: 2500

# ORB Extractor: Scale factor between levels in the scale pyramid 	
ORBextractor.scaleFactor: 1.2

# ORB Extractor: Number of levels in the scale pyramid	
ORBextractor.nLevels: 10
# ORBextractor.nLevels: 6

# ORB Extractor: Fast threshold
# Image is divided in a grid. At each cell FAST are extracted imposing a minimum response.
# Firstly we impose iniThFAST. If no corners are detected we impose a lower value minThFAST
# You can lower these values if your images have low contrast			
# ORBextractor.iniThFAST: 20
# ORBextractor.minThFAST: 7
ORBextractor.iniThFAST: 20 # 20
ORBextractor.minThFAST: 7 # 7

#--------------------------------------------------------------------------------------------
# Viewer Parameters
#--------------------------------------------------------------------------------------------
Viewer.KeyFrameSize: 0.05
Viewer.KeyFrameLineWidth: 1
Viewer.GraphLineWidth: 0.9
Viewer.PointSize: 2
Viewer.CameraSize: 0.08
Viewer.CameraLineWidth: 3
Viewer.ViewpointX: 0
Viewer.ViewpointY: -0.7
Viewer.ViewpointZ: -3.5 # -1.8
Viewer.ViewpointF: 500

# System Parameters
# System.LoadAtlasFromFile: atlas
System.SaveAtlasToFile: atlas
